service_id,monday,tuesday,wednesday,thursday,friday,saturday,sunday,start_date,end_date
128.4.271,0,0,0,0,0,0,1,20190214,20200331
128.4.451,0,0,0,0,0,1,0,20190214,20200331
128.4.586,1,1,1,1,1,0,0,20190214,20200331
129.2.766,1,1,1,1,1,0,0,20190214,20200331
129.2.901,0,0,0,0,0,0,1,20190214,20200331
129.2.991,0,0,0,0,0,0,0,20190214,20200331
129.2.1261,0,0,0,0,0,1,0,20190214,20200331
129.2.2172,0,0,0,0,0,1,0,20190214,20200331
130.2.35,1,1,1,1,1,1,1,20090617,20200331
132.6.314,0,0,0,0,0,0,1,20170509,20200331
132.6.809,1,1,1,1,1,0,0,20170509,20200331
132.6.899,0,0,0,0,0,1,0,20170509,20200331
132.6.944,0,0,0,0,0,0,1,20170509,20200331
132.6.1034,0,0,0,0,0,0,0,20170509,20200331
139.3.899,0,0,0,0,0,1,0,20180625,20200331
139.3.1619,1,1,1,1,1,0,0,20180625,20200331
141.8.314,0,0,0,0,0,0,1,20180625,20200331
141.8.494,0,0,0,0,0,1,0,20180625,20200331
141.8.809,1,1,1,1,1,0,0,20180625,20200331
141.8.899,0,0,0,0,0,1,0,20180625,20200331
141.8.944,0,0,0,0,0,0,1,20180625,20200331
141.8.1034,0,0,0,0,0,0,0,20180625,20200331
142.10.809,1,1,1,1,1,0,0,20190227,20200331
142.10.899,0,0,0,0,0,1,0,20190227,20200331
142.10.944,0,0,0,0,0,0,1,20190227,20200331
142.10.1034,0,0,0,0,0,0,0,20190227,20200331
143.7.314,0,0,0,0,0,0,1,20180812,20200331
143.7.764,0,0,0,0,0,1,0,20180812,20200331
143.7.809,1,1,1,1,1,0,0,20180812,20200331
143.7.944,0,0,0,0,0,0,1,20180812,20200331
146.7.494,0,0,0,0,0,1,0,20190227,20200331
146.7.809,1,1,1,1,1,0,0,20190227,20200331
146.7.899,0,0,0,0,0,1,0,20190227,20200331
146.7.944,0,0,0,0,0,0,1,20190227,20200331
146.7.1034,0,0,0,0,0,0,0,20190227,20200331
156.2.877,0,0,0,0,0,1,0,20170101,20200331
156.2.922,0,0,0,0,0,0,1,20170101,20200331
156.2.1597,1,1,1,1,1,0,0,20170101,20200331
157.7.304,0,0,0,0,0,0,1,20190301,20200331
157.7.754,0,0,0,0,0,1,0,20190301,20200331
157.7.799,1,1,1,1,1,0,0,20190301,20200331
158.5.754,0,0,0,0,0,1,0,20190326,20200331
158.5.799,1,1,1,1,1,0,0,20190326,20200331
163.4.2166,1,1,1,1,1,1,0,20170610,20200331
163.4.2168,0,0,0,0,0,0,1,20170610,20200331
163.4.2188,1,1,1,1,1,1,1,20170610,20200331
164.5.304,0,0,0,0,0,0,1,20190301,20200331
164.5.484,0,0,0,0,0,1,0,20190301,20200331
164.5.799,1,1,1,1,1,0,0,20190301,20200331
164.5.1564,1,1,1,1,1,0,0,20190301,20200331
165.5.754,0,0,0,0,0,1,0,20170930,20200331
165.5.799,1,1,1,1,1,0,0,20170930,20200331
167.15.748,0,0,0,0,0,1,0,20181221,20200331
167.15.793,1,1,1,1,1,0,0,20181221,20200331
167.15.928,0,0,0,0,0,0,1,20181221,20200331
168.2.793,1,1,1,1,1,0,0,20190321,20200331
173.6.748,0,0,0,0,0,1,0,20190130,20200331
173.6.793,1,1,1,1,1,0,0,20190130,20200331
173.6.928,0,0,0,0,0,0,1,20190130,20200331
173.6.973,0,0,0,0,0,1,1,20190130,20200331
177.2.745,0,0,0,0,0,1,0,20190401,20200331
177.2.790,1,1,1,1,1,0,0,20190401,20200331
177.2.925,0,0,0,0,0,0,1,20190401,20200331
181.9.745,0,0,0,0,0,1,0,20181217,20200331
181.9.790,1,1,1,1,1,0,0,20181217,20200331
181.9.925,0,0,0,0,0,0,1,20181217,20200331
194.6.790,1,1,1,1,1,0,0,20171202,20190401
194.6.880,0,0,0,0,0,1,0,20171202,20190401
194.6.925,0,0,0,0,0,0,1,20171202,20190401
194.6.2193,1,1,1,1,1,0,0,20171202,20190401
194.6.2194,1,1,1,1,1,0,0,20171202,20190401
195.7.790,1,1,1,1,1,0,0,20180122,20190401
195.7.880,0,0,0,0,0,1,0,20180122,20190401
195.7.925,0,0,0,0,0,0,1,20180122,20190401
195.7.2193,1,1,1,1,1,0,0,20180122,20190401
195.7.2194,1,1,1,1,1,0,0,20180122,20190401
196.7.790,1,1,1,1,1,0,0,20181217,20200331
196.7.880,0,0,0,0,0,1,0,20181217,20200331
196.7.925,0,0,0,0,0,0,1,20181217,20200331
196.7.1015,1,1,1,1,1,0,0,20181217,20200331
196.7.1645,0,0,0,0,0,1,1,20181217,20200331
197.5.790,1,1,1,1,1,0,0,20181217,20200331
197.5.880,0,0,0,0,0,1,0,20181217,20200331
197.5.925,0,0,0,0,0,0,1,20181217,20200331
197.5.1015,1,1,1,1,1,0,0,20181217,20200331
198.5.835,1,1,1,1,1,0,0,20120315,20190408
198.5.1600,1,1,1,1,1,0,0,20120315,20190408
198.5.1645,0,0,0,0,0,1,1,20120315,20190408
199.6.25,1,1,1,1,1,1,1,20171114,20200331
200.5.790,1,1,1,1,1,0,0,20171202,20200331
200.5.970,0,0,0,0,0,1,1,20171202,20200331
202.6.787,1,1,1,1,1,0,0,20160716,20190401
202.6.1012,0,0,0,0,0,0,0,20160716,20190401
202.6.1642,0,0,0,0,0,1,1,20160716,20190401
203.3.787,1,1,1,1,1,0,0,20171201,20190401
203.3.1012,0,0,0,0,0,0,0,20171201,20190401
203.3.1642,0,0,0,0,0,1,1,20171201,20190401
204.6.787,1,1,1,1,1,0,0,20181217,20200331
204.6.877,0,0,0,0,0,1,0,20181217,20200331
204.6.922,0,0,0,0,0,0,1,20181217,20200331
204.6.1012,0,0,0,0,0,0,0,20181217,20200331
206.9.742,0,0,0,0,0,1,0,20181217,20200331
206.9.787,1,1,1,1,1,0,0,20181217,20200331
206.9.922,0,0,0,0,0,0,1,20181217,20200331
206.9.967,0,0,0,0,0,1,1,20181217,20200331
207.2.787,1,1,1,1,1,0,0,20170227,20200331
207.2.1012,0,0,0,0,0,0,0,20170227,20200331
207.2.1642,0,0,0,0,0,1,1,20170227,20200331
208.4.787,1,1,1,1,1,0,0,20160716,20200331
208.4.1012,0,0,0,0,0,0,0,20160716,20200331
208.4.1642,0,0,0,0,0,1,1,20160716,20200331
209.4.832,1,1,1,1,1,0,0,20110602,20200331
209.4.922,0,0,0,0,0,0,1,20110602,20200331
209.4.1147,1,1,1,1,1,1,0,20110602,20200331
209.4.1597,1,1,1,1,1,0,0,20110602,20200331
210.4.1822,1,1,1,1,1,1,1,20180222,20200331
210.4.2187,1,1,1,1,1,1,1,20180222,20200331
211.5.1462,0,0,0,0,0,1,1,20180820,20200331
211.5.1507,0,0,0,0,0,1,1,20180820,20200331
211.5.1597,1,1,1,1,1,0,0,20180820,20200331
212.7.1597,1,1,1,1,1,0,0,20190305,20200331
212.7.1867,0,0,0,0,0,0,0,20190305,20200331
212.7.1912,0,0,0,0,0,1,1,20190305,20200331
212.7.1957,0,0,0,0,0,0,1,20190305,20200331
213.6.742,0,0,0,0,0,1,0,20190227,20200331
213.6.787,1,1,1,1,1,0,0,20190227,20200331
213.6.922,0,0,0,0,0,0,1,20190227,20200331
214.6.748,0,0,0,0,0,1,0,20190312,20200331
214.6.793,1,1,1,1,1,0,0,20190312,20200331
214.6.928,0,0,0,0,0,0,1,20190312,20200331
215.6.748,0,0,0,0,0,1,0,20190312,20200331
215.6.793,1,1,1,1,1,0,0,20190312,20200331
215.6.928,0,0,0,0,0,0,1,20190312,20200331
234.5.28,1,1,1,1,1,1,1,20160916,20200331
235.7.2207,1,0,0,0,0,1,0,20190101,20200331
236.8.2207,1,0,0,0,0,1,0,20190101,20200331
236.8.2208,0,0,0,0,0,0,1,20190101,20200331
237.6.1611,1,1,1,1,1,0,0,20170110,20200331
248.11.745,0,0,0,0,0,1,0,20190213,20200331
248.11.790,1,1,1,1,1,0,0,20190213,20200331
248.11.925,0,0,0,0,0,0,1,20190213,20200331
249.6.745,0,0,0,0,0,1,0,20170101,20200331
249.6.790,1,1,1,1,1,0,0,20170101,20200331
249.6.970,0,0,0,0,0,1,1,20170101,20200331
250.3.745,0,0,0,0,0,1,0,20130515,20200331
250.3.790,1,1,1,1,1,0,0,20130515,20200331
251.3.799,1,1,1,1,1,0,0,20190301,20200331
251.3.1024,0,0,0,0,0,0,0,20190301,20200331
252.4.799,1,1,1,1,1,0,0,20190301,20200331
252.4.1024,0,0,0,0,0,0,0,20190301,20200331
264.6.787,1,1,1,1,1,0,0,20120315,20200331
264.6.877,0,0,0,0,0,1,0,20120315,20200331
264.6.1012,0,0,0,0,0,0,0,20120315,20200331
265.6.787,1,1,1,1,1,0,0,20120315,20200331
265.6.877,0,0,0,0,0,1,0,20120315,20200331
265.6.1012,0,0,0,0,0,0,0,20120315,20200331
267.2.838,1,1,1,1,1,0,0,20171113,20200331
267.2.1603,1,1,1,1,1,0,0,20171113,20200331
268.4.22,1,1,1,1,1,1,1,20160716,20200331
269.1.35,1,1,1,1,1,1,1,20090617,20200331
292.10.790,1,1,1,1,1,0,0,20190204,20190401
292.10.880,0,0,0,0,0,1,0,20190204,20190401
292.10.1015,1,1,1,1,1,0,0,20190204,20190401
296.2.854,1,1,1,1,1,0,0,20140611,20200331
297.3.854,1,1,1,1,1,0,0,20140611,20200331
298.1.944,0,0,0,0,0,0,1,20111219,20200331
299.4.764,0,0,0,0,0,1,0,20190114,20200331
299.4.809,1,1,1,1,1,0,0,20190114,20200331
299.4.944,0,0,0,0,0,0,1,20190114,20200331
300.4.764,0,0,0,0,0,1,0,20190114,20200331
300.4.809,1,1,1,1,1,0,0,20190114,20200331
300.4.944,0,0,0,0,0,0,1,20190114,20200331
301.2.764,0,0,0,0,0,1,0,20160315,20200331
301.2.809,1,1,1,1,1,0,0,20160315,20200331
301.2.944,0,0,0,0,0,0,1,20160315,20200331
302.6.764,0,0,0,0,0,1,0,20190301,20200331
302.6.809,1,1,1,1,1,0,0,20190301,20200331
302.6.944,0,0,0,0,0,0,1,20190301,20200331
303.5.854,1,1,1,1,1,0,0,20190219,20200331
303.5.1619,1,1,1,1,1,0,0,20190219,20200331
305.5.764,0,0,0,0,0,1,0,20140218,20200331
305.5.809,1,1,1,1,1,0,0,20140218,20200331
307.8.494,0,0,0,0,0,1,0,20190219,20200331
307.8.809,1,1,1,1,1,0,0,20190219,20200331
307.8.1034,0,0,0,0,0,0,0,20190219,20200331
310.5.1079,1,1,1,1,1,1,0,20190219,20200331
313.8.764,0,0,0,0,0,1,0,20181113,20200331
313.8.809,1,1,1,1,1,0,0,20181113,20200331
313.8.944,0,0,0,0,0,0,1,20181113,20200331
325.5.764,0,0,0,0,0,1,0,20160315,20200331
325.5.809,1,1,1,1,1,0,0,20160315,20200331
325.5.944,0,0,0,0,0,0,1,20160315,20200331
326.4.314,0,0,0,0,0,0,1,20171215,20200331
326.4.494,0,0,0,0,0,1,0,20171215,20200331
326.4.809,1,1,1,1,1,0,0,20171215,20200331
326.4.899,0,0,0,0,0,1,0,20171215,20200331
326.4.944,0,0,0,0,0,0,1,20171215,20200331
326.4.1034,0,0,0,0,0,0,0,20171215,20200331
327.6.899,0,0,0,0,0,1,0,20181129,20200331
327.6.944,0,0,0,0,0,0,1,20181129,20200331
327.6.1619,1,1,1,1,1,0,0,20181129,20200331
328.8.314,0,0,0,0,0,0,1,20180415,20200331
328.8.764,0,0,0,0,0,1,0,20180415,20200331
328.8.809,1,1,1,1,1,0,0,20180415,20200331
329.4.314,0,0,0,0,0,0,1,20170228,20200331
329.4.764,0,0,0,0,0,1,0,20170228,20200331
329.4.809,1,1,1,1,1,0,0,20170228,20200331
329.4.944,0,0,0,0,0,0,1,20170228,20200331
349.3.529,0,0,0,0,0,1,0,20190301,20200331
361.2.2177,1,1,1,1,1,0,0,20140922,20200331
387.2.799,1,1,1,1,1,0,0,20190301,20200331
387.2.1024,0,0,0,0,0,0,0,20190301,20200331
387.2.1294,0,0,0,0,0,1,0,20190301,20200331
387.2.2164,0,0,0,0,0,1,0,20190301,20200331
388.2.799,1,1,1,1,1,0,0,20190301,20200331
388.2.1024,0,0,0,0,0,0,0,20190301,20200331
388.2.1294,0,0,0,0,0,1,0,20190301,20200331
388.2.2164,0,0,0,0,0,1,0,20190301,20200331
389.2.799,1,1,1,1,1,0,0,20190301,20200331
402.2.799,1,1,1,1,1,0,0,20180901,20200331
403.1.314,0,0,0,0,0,0,1,20180406,20200331
403.1.764,0,0,0,0,0,1,0,20180406,20200331
403.1.809,1,1,1,1,1,0,0,20180406,20200331
403.1.944,0,0,0,0,0,0,1,20180406,20200331
404.1.764,0,0,0,0,0,1,0,20181113,20200331
404.1.809,1,1,1,1,1,0,0,20181113,20200331
404.1.944,0,0,0,0,0,0,1,20181113,20200331
405.4.787,1,1,1,1,1,0,0,20190227,20200331
406.1.629,1,1,1,1,1,0,0,20180420,20200331
408.1.314,0,0,0,0,0,0,1,20190227,20200331
408.1.494,0,0,0,0,0,1,0,20190227,20200331
408.1.809,1,1,1,1,1,0,0,20190227,20200331
408.1.1034,0,0,0,0,0,0,0,20190227,20200331
413.1.314,0,0,0,0,0,0,1,20190227,20200331
413.1.494,0,0,0,0,0,1,0,20190227,20200331
413.1.764,0,0,0,0,0,1,0,20190227,20200331
413.1.809,1,1,1,1,1,0,0,20190227,20200331
413.1.1034,0,0,0,0,0,0,0,20190227,20200331
415.1.314,0,0,0,0,0,0,1,20190227,20200331
415.1.764,0,0,0,0,0,1,0,20190227,20200331
415.1.809,1,1,1,1,1,0,0,20190227,20200331
417.4.793,1,1,1,1,1,0,0,20190207,20200331
417.4.883,0,0,0,0,0,1,0,20190207,20200331
417.4.928,0,0,0,0,0,0,1,20190207,20200331
417.4.1558,1,1,1,1,1,0,0,20190207,20200331
418.1.298,0,0,0,0,0,0,1,20190305,20200331
418.1.478,0,0,0,0,0,1,0,20190305,20200331
418.1.838,1,1,1,1,1,0,0,20190305,20200331
418.1.1603,1,1,1,1,1,0,0,20190305,20200331
420.1.787,1,1,1,1,1,0,0,20190227,20200331
421.1.787,1,1,1,1,1,0,0,20190227,20200331
422.1.787,1,1,1,1,1,0,0,20190227,20200331
423.1.787,1,1,1,1,1,0,0,20190227,20200331
427.3.835,1,1,1,1,1,0,0,20190204,20200331
427.3.880,0,0,0,0,0,1,0,20190204,20200331
430.1.298,0,0,0,0,0,0,1,20190305,20200331
430.1.748,0,0,0,0,0,1,0,20190305,20200331
430.1.793,1,1,1,1,1,0,0,20190305,20200331
431.1.314,0,0,0,0,0,0,1,20190227,20200331
431.1.494,0,0,0,0,0,1,0,20190227,20200331
431.1.809,1,1,1,1,1,0,0,20190227,20200331
431.1.1034,0,0,0,0,0,0,0,20190227,20200331
432.1.314,0,0,0,0,0,0,1,20190227,20200331
432.1.764,0,0,0,0,0,1,0,20190227,20200331
432.1.809,1,1,1,1,1,0,0,20190227,20200331
216.3.44,1,1,1,1,1,1,1,20171211,20200331
217.2.44,1,1,1,1,1,1,1,20170101,20200331
218.8.44,1,1,1,1,1,1,1,20181231,20200331
219.3.22,1,1,1,1,1,1,1,20190401,20200331
220.9.22,1,1,1,1,1,1,1,20181217,20200331
221.2.22,1,1,1,1,1,1,1,20170101,20200331
222.4.22,1,1,1,1,1,1,1,20100714,20200331
223.11.22,1,1,1,1,1,1,1,20180820,20200331
224.6.22,1,1,1,1,1,1,1,20170110,20200331
225.5.44,1,1,1,1,1,1,1,20180828,20200331
226.6.44,1,1,1,1,1,1,1,20190304,20200331
227.4.44,1,1,1,1,1,1,1,20180509,20200331
228.3.44,1,1,1,1,1,1,1,20170127,20200331
229.6.44,1,1,1,1,1,1,1,20140303,20200331
230.5.44,1,1,1,1,1,1,1,20181117,20200331
231.9.44,1,1,1,1,1,1,1,20181228,20200331
232.5.44,1,1,1,1,1,1,1,20170822,20200331
367.1.89,0,0,0,0,1,0,0,20181105,20200331
367.1.674,0,0,0,0,1,1,0,20181105,20200331
394.2.22,1,1,1,1,1,1,1,20180216,20200331
395.1.44,1,1,1,1,1,1,1,20170717,20200331
